22.5 126.3 +1
56.2 153.9 +1
49.5 88.6 +1
9.5 58.1 +1
-151.3 99.7 +1
-54.3 163.0 +1
25.4 194.7 +1
-107.4 168.7 +1
-40.0 187.7 +1
-56.1 39.7 +1
194.2 116.0 +1
9.5 -0.1 +1
-53.9 90.2 +1
97.3 58.0 +1
-141.2 170.7 +1
-53.8 100.8 +1
117.1 -58.7 +1
-48.8 137.6 +1
29.0 189.7 +1
73.5 3.7 +1
-70.5 108.2 +1
-58.1 192.9 +1
-3.5 67.4 +1
-28.9 146.1 +1
-32.1 32.2 +1
113.0 189.6 +1
-93.6 63.5 +1
70.7 -26.4 +1
98.3 160.7 +1
-23.0 22.1 +1
-18.6 55.7 +1
-23.3 178.8 +1
105.0 47.0 +1
190.1 -121.8 +1
-66.9 117.6 +1
180.5 29.5 +1
-112.3 123.8 +1
80.8 67.4 +1
33.6 89.1 +1
59.6 41.4 +1
149.3 76.3 +1
149.1 107.5 +1
195.2 31.5 +1
180.8 146.2 +1
117.4 133.5 +1
55.3 9.5 +1
-32.3 69.2 +1
-79.0 55.8 +1
94.3 48.2 +1
175.6 30.2 +1
-85.7 146.4 +1
90.9 165.5 +1
95.2 65.6 +1
-157.6 138.0 +1
157.0 -1.3 +1
-168.3 154.2 +1
72.9 121.0 +1
-86.3 136.7 +1
-18.2 114.0 +1
-184.7 168.4 +1
-49.8 84.5 +1
92.1 133.3 +1
-9.1 139.1 +1
-55.0 46.5 +1
183.7 100.9 +1
3.3 137.8 +1
-98.5 108.1 +1
102.6 35.4 +1
158.6 52.8 +1
-107.6 93.8 +1
102.9 196.5 +1
47.9 57.5 +1
171.8 79.5 +1
182.8 7.8 +1
27.8 168.8 +1
145.7 166.5 +1
47.1 170.3 +1
75.4 97.9 +1
93.9 145.2 +1
187.3 7.6 +1
93.7 64.9 +1
146.2 129.4 +1
147.9 125.7 +1
83.8 182.4 +1
141.1 46.6 +1
28.2 7.4 +1
-111.5 124.4 +1
128.4 -39.1 +1
-118.6 179.3 +1
116.0 156.4 +1
-146.8 175.3 +1
3.4 0.3 +1
60.9 -35.1 +1
177.1 -2.1 +1
-80.4 176.0 +1
-9.4 6.5 +1
106.3 -15.4 +1
-80.1 53.8 +1
-0.5 22.7 +1
-68.2 62.6 +1
-92.5 113.4 +1
134.7 76.2 +1
92.1 124.9 +1
193.2 85.3 +1
96.0 101.4 +1
78.7 90.1 +1
132.9 -9.5 +1
-21.0 22.6 +1
-174.7 160.7 +1
-151.8 104.4 +1
109.3 154.8 +1
165.3 -31.6 +1
-144.4 174.0 +1
57.8 -21.7 +1
-35.1 79.4 +1
147.2 -46.8 +1
43.8 95.4 +1
-68.8 169.0 +1
-75.0 92.4 +1
31.8 114.5 +1
26.7 71.0 +1
-25.4 15.3 +1
-79.0 59.4 +1
50.8 26.2 +1
-86.0 77.7 +1
-20.8 142.8 +1
157.8 -51.8 +1
-125.4 155.1 +1
61.8 9.6 +1
119.2 -26.9 +1
66.0 194.7 +1
56.8 151.4 +1
197.7 117.3 +1
133.0 86.8 +1
-52.9 133.5 +1
63.9 1.0 +1
-109.2 196.7 +1
38.6 84.7 +1
-150.4 119.6 +1
103.9 124.0 +1
162.3 29.4 +1
63.6 160.0 +1
-12.6 170.1 +1
116.4 16.1 +1
77.1 -22.7 +1
156.7 160.6 +1
0.2 89.7 +1
63.3 43.8 +1
108.7 26.9 +1
-125.6 83.9 +1
-125.2 -189.1 -1
4.8 -105.2 -1
-92.9 -73.4 -1
-26.6 -168.6 -1
-103.7 58.5 -1
-166.1 -40.3 -1
-17.4 -8.9 -1
-82.9 -160.9 -1
44.8 -85.6 -1
71.1 -185.2 -1
-157.1 102.8 -1
-117.4 -15.6 -1
7.6 -189.2 -1
50.1 -114.7 -1
-177.7 -122.9 -1
-142.4 47.1 -1
-29.3 -140.4 -1
-10.9 -178.3 -1
113.9 -130.8 -1
-133.0 -134.9 -1
89.5 -189.4 -1
-60.2 -174.8 -1
147.3 -128.5 -1
41.5 -75.2 -1
-121.7 -140.7 -1
-134.9 -175.1 -1
-26.5 -77.1 -1
-199.8 -76.9 -1
178.4 -121.8 -1
-125.5 -157.1 -1
-180.1 -81.9 -1
3.3 -150.1 -1
-74.5 -85.1 -1
-173.1 31.2 -1
-42.5 -177.4 -1
-54.1 -86.4 -1
-28.4 -41.3 -1
-19.2 -103.3 -1
-110.4 -136.2 -1
61.9 -118.3 -1
-167.9 -190.6 -1
-34.9 -30.0 -1
56.0 -177.6 -1
199.7 -186.9 -1
-97.8 -138.2 -1
-161.8 -127.0 -1
-156.8 -14.0 -1
63.1 -105.1 -1
100.0 -92.6 -1
-88.0 -58.0 -1
-199.8 42.9 -1
129.7 -174.9 -1
129.2 -148.3 -1
-38.5 -148.4 -1
-40.4 -26.1 -1
-101.3 39.4 -1
-94.0 17.4 -1
-40.5 -155.6 -1
132.2 -125.4 -1
61.1 -117.4 -1
-72.2 32.3 -1
-36.0 -136.7 -1
-74.2 -184.1 -1
87.7 -141.6 -1
-94.0 -178.1 -1
72.9 -178.9 -1
-111.4 -183.9 -1
-130.0 71.1 -1
125.6 -91.5 -1
30.6 -156.8 -1
-123.8 -138.0 -1
-181.5 102.6 -1
-9.8 -4.0 -1
-167.1 -177.7 -1
79.3 -71.5 -1
-199.2 93.5 -1
8.6 -194.5 -1
-179.4 -84.0 -1
-156.7 -17.1 -1
177.7 -120.5 -1
93.5 -150.2 -1
-2.3 -49.2 -1
131.4 -171.3 -1
-161.8 -142.6 -1
-185.1 -161.1 -1
62.9 -110.0 -1
-133.1 -103.8 -1
81.5 -77.9 -1
122.1 -186.1 -1
81.6 -89.6 -1
12.7 -38.9 -1
-178.0 -132.4 -1
150.3 -136.7 -1
-43.8 24.5 -1
-103.6 -49.0 -1
-81.3 -163.1 -1
-143.4 -165.8 -1
-90.0 -134.7 -1
24.0 -168.9 -1
-71.7 -190.6 -1
75.2 -153.1 -1
-37.3 16.4 -1
-3.4 -117.8 -1
-120.2 -116.1 -1
146.1 -185.7 -1
128.1 -126.2 -1
-181.6 53.2 -1
39.8 -98.7 -1
-62.4 -124.1 -1
-16.1 -163.6 -1
-126.6 -13.8 -1
-70.3 -138.5 -1
52.0 -150.3 -1
-158.3 -165.9 -1
-143.5 63.1 -1
-124.9 43.9 -1
170.4 -131.9 -1
72.1 -113.1 -1
-114.4 48.6 -1
-178.1 88.2 -1
-58.6 -90.1 -1
-1.2 -147.9 -1
43.3 -86.8 -1
30.8 -51.2 -1
-38.0 -70.4 -1
117.9 -140.8 -1
58.9 -55.6 -1
122.3 -83.9 -1
-68.9 -145.3 -1
-79.4 -130.2 -1
-148.8 -153.6 -1
-109.3 -37.3 -1
-76.9 24.5 -1
-113.7 -4.2 -1
-82.0 -195.8 -1
-80.3 -162.9 -1
14.4 -16.2 -1
-170.6 100.2 -1
-106.5 42.0 -1
-195.6 -92.4 -1
-184.4 105.7 -1
147.6 -127.5 -1
-190.4 -143.3 -1
-186.4 -177.2 -1
153.2 -113.5 -1
-140.4 -89.9 -1
87.7 -135.3 -1
-94.1 -104.3 -1
-114.3 -156.2 -1
-92.5 -132.2 -1
